3.731867595555779 1.5933405161359226 -7.957682045533825
7.837908543563997 2.58190365916969 -5.447786598167398
3.8928980136564673 5.830716810686294 -5.015554411599098
8.86253939784294 2.9400336915063976 -4.836993074816357
2.693327220634166 1.3602095653477397 -6.312275107190972
8.99966046128439 0.7062809414324389 -5.744831262992284
7.5933972239956375 2.076687945842506 -6.58341690081818
5.220958678377591 0.16959568207245534 -6.623850849974444
5.6637414326004984 8.77555618978992 -5.793544151751131
5.647887242290217 6.157086688883937 -4.109711978324572
1.161224385081333 3.3651551693265134 -6.268320853451231
7.510802338001855 2.645109465271781 -4.63805698841606
7.795435220192656 6.077538730631652 -4.1587536821017785
2.0357141844425195 9.49942440135128 -6.617016712084905
5.8715817971304 5.734647110984721 -7.179022482560368
1.8570248049745064 3.2223411015100045 -6.9136883139149905
6.308593914533879 8.954940195289392 -5.396762011560352
8.163954747077254 3.527094994603507 -5.767115463280961
3.7588093452064983 4.06811174226143 -7.495793475321902
2.9500942101507786 8.552728892784012 -7.7499761722291325
9.946063156197573 8.306246204378649 -7.743585547149797
1.9929198496537703 5.905732613128772 -5.783387102485022
2.3734441091200056 8.434887758700146 -4.054936043916098
5.847543834866729 9.226962531015188 -5.471381741200827
8.664948538286435 2.2348135314572772 -4.144710755030376
3.403028209285935 0.6364486678833903 -7.85620138585729
6.377729442142518 1.8434299090216022 -4.456370995043125
8.152366357860416 6.6405222355213445 -6.893784315712366
7.590712565805785 4.273929319087415 -5.935528344700803
0.7267704029826061 1.034776549820946 -4.590559496691794
4.036815164521256 0.2565394861722514 -7.362207407057565
1.8117314130055917 0.19090537986596212 -6.766821303338846
4.087585199962608 3.931427289280797 -7.5403528578811265
0.9367330098817994 3.03919035796536 -7.616214827716394
6.391290513607802 7.48327773980191 -7.514918605947418
3.1696106938912925 2.009483408216932 -4.574810947933601
4.25852830164909 5.984090455202182 -4.298272213041457
1.5804730090873698 0.24792293427218226 -5.210625212227065
6.534796035418589 3.0089312234124233 -6.501421249280632
0.13939265242832177 7.94441533986949 -7.1720906360979315
3.860689636756459 9.221646698604935 -6.069238565819018
2.4917210034742165 1.0170236214950246 -5.252238578646284
4.196375481227682 8.604297072438667 -7.193170381016886
8.306684789172746 5.844574288605885 -4.966164867897033
3.2451717171426884 2.967173033393898 -4.327680758816122
6.279459073630157 2.3576465909219744 -4.12639681620502
0.7297493529868138 1.9508142515648663 -5.891033362984844
9.76847307936493 0.49601253480421215 -6.6775308243604625
4.309751831015994 5.193891436370478 -6.00531244492362
8.494661615601533 4.3961866293113925 -4.481096332479668
0.8794830858791469 6.189248331453486 -5.232051122564608
4.5938246003528915 6.349116641373222 -5.549325402397338
6.5057436501587365 2.330031238122513 -6.208523046428084
0.11129519389007969 9.480281723835626 -6.293862741554971
6.259691286014117 3.554193846397639 -6.765975939813477
5.698452025167176 9.96517771890328 -5.916812318104683
4.199083694872506 4.782205947706185 -4.213309413856797
6.521520463663389 1.1753855279964565 -4.262094366170627
5.113746664552248 4.810225557668978 -6.68269991310841
6.031945518424013 4.814208228806419 -6.3587701905293486
8.42163290755971 1.0512027587902117 -7.481676953914674
1.5420699219793765 1.4278455354369446 -6.876909502025048
5.98602434544623 2.6695789369823473 -7.252172104185046
7.1505654208998575 7.979865873692606 -4.462750326371422
2.7231602294321977 5.890359099128284 -4.295567525686934
6.706539457438049 5.541111018828061 -4.340999190622206
8.691752382142376 2.371541686660809 -4.016704572186842
3.4767047637084025 4.566602893583794 -6.652767351339389
6.444237110832125 9.502393546925807 -6.176724098561242
7.90048949739461 3.3958324865589273 -7.457978125802513
2.7213852292777796 2.9278097917688397 -4.7787954023587975
4.564688566370354 7.394667488209022 -6.816636868040844
6.376684269083858 3.558232044717692 -5.660808438286601
4.326775299679786 5.17511920477755 -6.553990582137127
5.652145793425298 4.606607909988901 -6.227032765423341
6.77094247670734 7.604445050993106 -6.314061563609756
2.952631516734139 1.0652797367578548 -6.002630755990243
5.708757001217629 4.597695540291994 -5.79988821455909
8.287163541530994 9.08983618372298 -4.6228755291183
4.1712268161373744 1.8468399047720307 -7.377030634086887
9.245171480438515 8.884126487262114 -5.854625224896861
0.19003739613382975 4.744167363547751 -5.361517042561097
6.721080494151734 8.75164388330404 -4.4234058373382785
8.648976257543564 1.85961737111068 -4.280368214195063
9.520440995161115 9.016737054953985 -7.035669000798858
3.6850488692058683 2.3126661128572956 -5.9881512289594525
9.723069550547791 9.677359486711543 -4.674136710949666
1.5054079914088303 4.063983396266192 -5.4382657684239835
2.3229482498413767 1.4225726901320013 -4.688363016518805
5.409547156249256 1.3485479583863846 -7.834333972248002
5.042134311333886 8.87564948394411 -4.067976616905627
9.042600358102389 6.43071736250167 -4.484177319472531
2.849604274638046 2.039557500699849 -7.764101119795443
1.3173455327894146 7.174936117235658 -6.612465411990341
4.762007883186121 9.141559294398364 -6.424308378737695
8.704646620997593 3.0926188889679707 -5.524812123676096
1.7802347818033848 5.273262698011179 -4.06830069589655
5.530638284302024 5.253309232785549 -5.902697871696143
4.991841831926824 3.3887907087113742 -4.5062947467021095
0.5289325857638905 1.3122574536655085 -5.280650439004184
